插值需求/data/000338AIRI.GRD
DSAA
 101   101
  13245.9678      13345.9678
   2879.7319       2979.7319
 0.00000E+00     6.35587E+07
[rows 0 to 23 of 101, columns 0 to 53 of 101]
2.15334E-05 3.95231E-04 2.67108E-03 1.37265E-02 6.12629E-02 2.40839E-01 8.39106E-01 2.59851E+00 7.17421E+00 1.77178E+01 3.92837E+01 7.84893E+01 1.41797E+02 2.32163E+02 3.44700E+02 4.63347E+02 5.61738E+02 6.10847E+02 5.91988E+02 5.07933E+02 3.83434E+02 2.53221E+02 1.45556E+02 7.24938E+01 3.11522E+01 1.15042E+01 3.63659E+00 9.80184E-01 2.24286E-01 4.33260E-02 6.98279E-03 8.53735E-04 6.89599E-05 3.02205E-06 4.70039E-08 8.96659E-11 0.00000E+00 0.00000E+00 0.00000E+00 0.00000E+00 0.00000E+00 0.00000E+00 0.00000E+00 0.00000E+00 0.00000E+00 0.00000E+00 0.00000E+00 0.00000E+00 0.00000E+00 0.00000E+00 0.00000E+00 0.00000E+00 0.00000E+00 0.00000E+00
1.26009E-05 2.43300E-04 1.70897E-03 8.97388E-03 4.08490E-02 1.63928E-01 5.84977E-01 1.86369E+00 5.32369E+00 1.36955E+01 3.18750E+01 6.73986E+01 1.29859E+02 2.28188E+02 3.65052E+02 5.29411E+02 6.91742E+02 8.08670E+02 8.39942E+02 7.70187E+02 6.19953E+02 4.35903E+02 2.66541E+02 1.41148E+02 6.44681E+01 2.52902E+01 8.48411E+00 2.42289E+00 5.86228E-01 1.19546E-01 2.03858E-02 2.76628E-03 2.70241E-04 1.57909E-05 3.62326E-07 1.69181E-09 0.00000E+00 0.00000E+00 0.00000E+00 0.00000E+00 0.00000E+00 0.00000E+00 0.00000E+00 0.00000E+00 0.00000E+00 0.00000E+00 0.00000E+00 0.00000E+00 0.00000E+00 0.00000E+00 0.00000E+00 0.00000E+00 0.00000E+00 0.00000E+00
6.43428E-06 1.30722E-04 9.57779E-04 5.15773E-03 2.40380E-02 9.88605E-02 3.63013E-01 1.19653E+00 3.56095E+00 9.62204E+00 2.37271E+01 5.35953E+01 1.11044E+02 2.10668E+02 3.64259E+02 5.70218E+02 8.02148E+02 1.00673E+03 1.12003E+03 1.09853E+03 9.45401E+02 7.10885E+02 4.65147E+02 2.63729E+02 1.28983E+02 5.41476E+01 1.94092E+01 5.90794E+00 1.51864E+00 3.27834E-01 5.90613E-02 8.66875E-03 9.73272E-04 7.15880E-05 2.33322E-06 1.94442E-08 1.75749E-11 0.00000E+00 0.00000E+00 0.00000E+00 0.00000E+00 0.00000E+00 0.00000E+00 0.00000E+00 0.00000E+00 0.00000E+00 0.00000E+00 0.00000E+00 0.00000E+00 0.00000E+00 0.00000E+00 0.00000E+00 0.00000E+00 0.00000E+00
2.86685E-06 6.12909E-05 4.70070E-04 2.60626E-03 1.24935E-02 5.29154E-02 2.01096E-01 6.90387E-01 2.15772E+00 6.17885E+00 1.62888E+01 3.96109E+01 8.87220E+01 1.82152E+02 3.40372E+02 5.74373E+02 8.68843E+02 1.17066E+03 1.39758E+03 1.47186E+03 1.36198E+03 1.10294E+03 7.78213E+02 4.76046E+02 2.51052E+02 1.13446E+02 4.36468E+01 1.42065E+01 3.88784E+00 8.89346E-01 1.69079E-01 2.63974E-02 3.26837E-03 2.86698E-04 1.27565E-05 1.76776E-07 6.06770E-10 0.00000E+00 0.00000E+00 0.00000E+00 0.00000E+00 0.00000E+00 0.00000E+00 0.00000E+00 0.00000E+00 0.00000E+00 0.00000E+00 0.00000E+00 0.00000E+00 0.00000E+00 0.00000E+00 0.00000E+00 0.00000E+00 0.00000E+00
1.11460E-06 2.50727E-05 2.01961E-04 1.15770E-03 5.73850E-03 2.51808E-02 9.97453E-02 3.59464E-01 1.18995E+00 3.64234E+00 1.03406E+01 2.72024E+01 6.59904E+01 1.46548E+02 2.95511E+02 5.37016E+02 8.73979E+02 1.26753E+03 1.63156E+03 1.85709E+03 1.86182E+03 1.63645E+03 1.25407E+03 8.32549E+02 4.75465E+02 2.31901E+02 9.59070E+01 3.34041E+01 9.73600E+00 2.36069E+00 4.73579E-01 7.80401E-02 1.03763E-02 1.03690E-03 6.01903E-05 1.31625E-06 8.61359E-09 0.00000E+00 0.00000E+00 0.00000E+00 0.00000E+00 0.00000E+00 0.00000E+00 0.00000E+00 0.00000E+00 0.00000E+00 0.00000E+00 0.00000E+00 0.00000E+00 0.00000E+00 0.00000E+00 0.00000E+00 0.00000E+00 0.00000E+00
3.78127E-07 8.94713E-06 7.59258E-05 4.51906E-04 2.33005E-03 1.06692E-02 4.44263E-02 1.69519E-01 5.99341E-01 1.97483E+00 6.06538E+00 1.72883E+01 4.53933E+01 1.08876E+02 2.36722E+02 4.63695E+02 8.14511E+02 1.27836E+03 1.78663E+03 2.21492E+03 2.42373E+03 2.32662E+03 1.94507E+03 1.40501E+03 8.69909E+02 4.58071E+02 2.03648E+02 7.59240E+01 2.35894E+01 6.07258E+00 1.28822E+00 2.23919E-01 3.15823E-02 3.47592E-03 2.50501E-04 8.19252E-06 9.29451E-08 1.45149E-10 0.00000E+00 0.00000E+00 0.00000E+00 0.00000E+00 0.00000E+00 0.00000E+00 0.00000E+00 0.00000E+00 0.00000E+00 0.00000E+00 0.00000E+00 0.00000E+00 0.00000E+00 0.00000E+00 0.00000E+00 0.00000E+00
1.11935E-07 2.78461E-06 2.49631E-05 1.54924E-04 8.36269E-04 4.02908E-03 1.78083E-02 7.25892E-02 2.76064E-01 9.83703E-01 3.27369E+00 1.01028E+01 2.86668E+01 7.42048E+01 1.74160E+02 3.69012E+02 7.03587E+02 1.20356E+03 1.84011E+03 2.50135E+03 3.00257E+03 3.15710E+03 2.88260E+03 2.26572E+03 1.52044E+03 8.64504E+02 4.13571E+02 1.65385E+02 5.49477E+01 1.50788E+01 3.39862E+00 6.25635E-01 9.34257E-02 1.10934E-02 9.44291E-04 4.33718E-05 7.99133E-07 2.76960E-09 0.00000E+00 0.00000E+00 0.00000E+00 0.00000E+00 0.00000E+00 0.00000E+00 0.00000E+00 0.00000E+00 0.00000E+00 0.00000E+00 0.00000E+00 0.00000E+00 0.00000E+00 0.00000E+00 0.00000E+00 0.00000E+00
2.89136E-08 7.55722E-07 7.17367E-06 4.66081E-05 2.65147E-04 1.35644E-03 6.43078E-03 2.82375E-02 1.16116E-01 4.48334E-01 1.61573E+00 5.39025E+00 1.65156E+01 4.61911E+01 1.17442E+02 2.70699E+02 5.64179E+02 1.05933E+03 1.78219E+03 2.66657E+03 3.51713E+03 4.05117E+03 4.03767E+03 3.45245E+03 2.51297E+03 1.54602E+03 7.98576E+02 3.44131E+02 1.22950E+02 3.61946E+01 8.72578E+00 1.71221E+00 2.71734E-01 3.44948E-02 3.32094E-03 1.99712E-04 5.60284E-06 3.68286E-08 1.70216E-11 0.00000E+00 0.00000E+00 0.00000E+00 0.00000E+00 0.00000E+00 0.00000E+00 0.00000E+00 0.00000E+00 0.00000E+00 0.00000E+00 0.00000E+00 0.00000E+00 0.00000E+00 0.00000E+00 0.00000E+00
6.51696E-09 1.78813E-07 1.80070E-06 1.22925E-05 7.41843E-05 4.06789E-04 2.09015E-03 9.95785E-03 4.44091E-02 1.85814E-01 7.24217E-01 2.60950E+00 8.64186E+00 2.62021E+01 7.25655E+01 1.83178E+02 4.20047E+02 8.70110E+02 1.61532E+03 2.66208E+03 3.85586E+03 4.86174E+03 5.28982E+03 4.92796E+03 3.90272E+03 2.60985E+03 1.46405E+03 6.84417E+02 2.64852E+02 8.42642E+01 2.18899E+01 4.61115E+00 7.82270E-01 1.06014E-01 1.11912E-02 8.21156E-04 3.26452E-05 3.79132E-07 6.62077E-10 0.00000E+00 0.00000E+00 0.00000E+00 0.00000E+00 0.00000E+00 0.00000E+00 0.00000E+00 0.00000E+00 0.00000E+00 0.00000E+00 0.00000E+00 0.00000E+00 0.00000E+00 0.00000E+00 0.00000E+00
1.28173E-09 3.68803E-08 3.94552E-07 2.83887E-06 1.82862E-05 1.08458E-04 6.09612E-04 3.16837E-03 1.53448E-02 6.95424E-02 2.92962E-01 1.14095E+00 4.09616E+00 1.35325E+01 4.10795E+01 1.14249E+02 2.89510E+02 6.62932E+02 1.35800E+03 2.46256E+03 3.91406E+03 5.40492E+03 6.43406E+03 6.55597E+03 5.67954E+03 4.15519E+03 2.54960E+03 1.30268E+03 5.50109E+02 1.90533E+02 5.37047E+01 1.22233E+01 2.22932E+00 3.23304E-01 3.67969E-02 3.10280E-03 1.61941E-04 3.10126E-06 1.16063E-08 0.00000E+00 0.00000E+00 0.00000E+00 0.00000E+00 0.00000E+00 0.00000E+00 0.00000E+00 0.00000E+00 0.00000E+00 0.00000E+00 0.00000E+00 0.00000E+00 0.00000E+00 0.00000E+00 0.00000E+00
2.19965E-10 6.62945E-09 7.54104E-08 5.73338E-07 3.96307E-06 2.56294E-05 1.58752E-04 9.03430E-04 4.75386E-03 2.33395E-02 1.06400E-01 4.49108E-01 1.75604E+00 6.35800E+00 2.12721E+01 6.54295E+01 1.83477E+02 4.64168E+02 1.04782E+03 2.08921E+03 3.64674E+03 5.52967E+03 7.23335E+03 8.10793E+03 7.73481E+03 6.23523E+03 4.21524E+03 2.37069E+03 1.09994E+03 4.17403E+02 1.28424E+02 3.17595E+01 6.26000E+00 9.75440E-01 1.19051E-01 1.10800E-02 7.05747E-04 2.06120E-05 1.49821E-07 1.33683E-10 0.00000E+00 0.00000E+00 0.00000E+00 0.00000E+00 0.00000E+00 0.00000E+00 0.00000E+00 0.00000E+00 0.00000E+00 0.00000E+00 0.00000E+00 0.00000E+00 0.00000E+00 0.00000E+00
0.00000E+00 2.16623E-10 8.08602E-09 7.98287E-08 6.65029E-07 5.02668E-06 3.56684E-05 2.26252E-04 1.30324E-03 6.96448E-03 3.45213E-02 1.58726E-01 6.79761E-01 2.71133E+00 1.00325E+01 3.41631E+01 1.05917E+02 2.95585E+02 7.34744E+02 1.61223E+03 3.09915E+03 5.18348E+03 7.49362E+03 9.30003E+03 9.83614E+03 8.79604E+03 6.59474E+03 4.10835E+03 2.10692E+03 8.81045E+02 2.97552E+02 8.03968E+01 1.72201E+01 2.89815E+00 3.79950E-01 3.82667E-02 2.80260E-03 1.14305E-04 1.49127E-06 3.23335E-09 0.00000E+00 0.00000E+00 0.00000E+00 0.00000E+00 0.00000E+00 0.00000E+00 0.00000E+00 0.00000E+00 0.00000E+00 0.00000E+00 0.00000E+00 0.00000E+00 0.00000E+00 0.00000E+00
0.00000E+00 0.00000E+00 4.21660E-10 8.21014E-09 9.16185E-08 8.45006E-07 6.99213E-06 4.97524E-05 3.14652E-04 1.83844E-03 9.97018E-03 5.02407E-02 2.36931E-01 1.04467E+00 4.27892E+00 1.61130E+01 5.51342E+01 1.69568E+02 4.64486E+02 1.12467E+03 2.39116E+03 4.43530E+03 7.12903E+03 9.85689E+03 1.16295E+04 1.16066E+04 9.70762E+03 6.73769E+03 3.84131E+03 1.78045E+03 6.64005E+02 1.97233E+02 4.61997E+01 8.45269E+00 1.19691E+00 1.29854E-01 1.05203E-02 5.47859E-04 1.17359E-05 5.37091E-08 8.92141E-12 0.00000E+00 0.00000E+00 0.00000E+00 0.00000E+00 0.00000E+00 0.00000E+00 0.00000E+00 0.00000E+00 0.00000E+00 0.00000E+00 0.00000E+00 0.00000E+00 0.00000E+00
0.00000E+00 0.00000E+00 0.00000E+00 4.08486E-10 9.58336E-09 1.18305E-07 1.17563E-06 9.48162E-06 6.62259E-05 4.26148E-04 2.55043E-03 1.41823E-02 7.39808E-02 3.61098E-01 1.63551E+00 6.79737E+00 2.56378E+01 8.69368E+01 2.63043E+02 7.05561E+02 1.66731E+03 3.44832E+03 6.19676E+03 9.59866E+03 1.27037E+04 1.42295E+04 1.33529E+04 1.03863E+04 6.62351E+03 3.42487E+03 1.42010E+03 4.67046E+02 1.20534E+02 2.41571E+01 3.72229E+00 4.36660E-01 3.84541E-02 2.36819E-03 7.51479E-05 6.64371E-07 4.63688E-10 0.00000E+00 0.00000E+00 0.00000E+00 0.00000E+00 0.00000E+00 0.00000E+00 0.00000E+00 0.00000E+00 0.00000E+00 0.00000E+00 0.00000E+00 0.00000E+00 0.00000E+00
0.00000E+00 0.00000E+00 0.00000E+00 0.00000E+00 5.85046E-10 1.31388E-08 1.65925E-07 1.54308E-06 1.20156E-05 8.60174E-05 5.74088E-04 3.54754E-03 2.05377E-02 1.10970E-01 5.54834E-01 2.54119E+00 1.05648E+01 3.95707E+01 1.32688E+02 3.95948E+02 1.04484E+03 2.42120E+03 4.88878E+03 8.52741E+03 1.27282E+04 1.60915E+04 1.70431E+04 1.49509E+04 1.07369E+04 6.23803E+03 2.89766E+03 1.06360E+03 3.04929E+02 6.75082E+01 1.14138E+01 1.45803E+00 1.39152E-01 9.62060E-03 4.05474E-04 6.23265E-06 1.09962E-08 0.00000E+00 0.00000E+00 0.00000E+00 0.00000E+00 0.00000E+00 0.00000E+00 0.00000E+00 0.00000E+00 0.00000E+00 0.00000E+00 0.00000E+00 0.00000E+00 0.00000E+00
0.00000E+00 0.00000E+00 0.00000E+00 0.00000E+00 0.00000E+00 8.74109E-10 1.79600E-08 2.04091E-07 1.82182E-06 1.48294E-05 1.12229E-04 7.77756E-04 5.01578E-03 3.00085E-02 1.65477E-01 8.35005E-01 3.83121E+00 1.58919E+01 5.92634E+01 1.97513E+02 5.84435E+02 1.52406E+03 3.47399E+03 6.85850E+03 1.16091E+04 1.66627E+04 2.00441E+04 1.99640E+04 1.62610E+04 1.06968E+04 5.61166E+03 2.31827E+03 7.44671E+02 1.83655E+02 3.43463E+01 4.81257E+00 4.99440E-01 3.77726E-02 1.92024E-03 4.55951E-05 1.81959E-07 3.18168E-11 0.00000E+00 0.00000E+00 0.00000E+00 0.00000E+00 0.00000E+00 0.00000E+00 0.00000E+00 0.00000E+00 0.00000E+00 0.00000E+00 0.00000E+00 0.00000E+00
0.00000E+00 0.00000E+00 0.00000E+00 0.00000E+00 0.00000E+00 0.00000E+00 9.98134E-10 1.89730E-08 2.13997E-07 2.09731E-06 1.86150E-05 1.47008E-04 1.06336E-03 7.06158E-03 4.29949E-02 2.39340E-01 1.21454E+00 5.59481E+00 2.32764E+01 8.69347E+01 2.89515E+02 8.53193E+02 2.20587E+03 4.95477E+03 9.56395E+03 1.56779E+04 2.15566E+04 2.45445E+04 2.28428E+04 1.71474E+04 1.02430E+04 4.80215E+03 1.74231E+03 4.82354E+02 1.00489E+02 1.55441E+01 1.76290E+00 1.44740E-01 8.31179E-03 2.70103E-04 2.18747E-06 1.32066E-09 0.00000E+00 0.00000E+00 0.00000E+00 0.00000E+00 0.00000E+00 0.00000E+00 0.00000E+00 0.00000E+00 0.00000E+00 0.00000E+00 0.00000E+00 0.00000E+00
0.00000E+00 0.00000E+00 0.00000E+00 0.00000E+00 0.00000E+00 0.00000E+00 0.00000E+00 9.14374E-10 1.77494E-08 2.33739E-07 2.55834E-06 2.35220E-05 1.92810E-04 1.42912E-03 9.64322E-03 5.93903E-02 3.34212E-01 1.71414E+00 7.97695E+00 3.34874E+01 1.25966E+02 4.21285E+02 1.24131E+03 3.18847E+03 7.05650E+03 1.32878E+04 2.10142E+04 2.75396E+04 2.95004E+04 2.54665E+04 1.74581E+04 9.36045E+03 3.86453E+03 1.20949E+03 2.82590E+02 4.85704E+01 6.05718E+00 5.41112E-01 3.40240E-02 1.36158E-03 1.96309E-05 3.28691E-08 1.63842E-12 0.00000E+00 0.00000E+00 0.00000E+00 0.00000E+00 0.00000E+00 0.00000E+00 0.00000E+00 0.00000E+00 0.00000E+00 0.00000E+00 0.00000E+00
0.00000E+00 0.00000E+00 0.00000E+00 0.00000E+00 0.00000E+00 0.00000E+00 0.00000E+00 0.00000E+00 8.70196E-10 2.00889E-08 2.88616E-07 3.14913E-06 2.95369E-05 2.46024E-04 1.84987E-03 1.26543E-02 7.92024E-02 4.53343E-01 2.36537E+00 1.11934E+01 4.77305E+01 1.81915E+02 6.13599E+02 1.81088E+03 4.61805E+03 1.00439E+04 1.83799E+04 2.79084E+04 3.46559E+04 3.46616E+04 2.74767E+04 1.69764E+04 8.03624E+03 2.86533E+03 7.56798E+02 1.45731E+02 2.01548E+01 1.97430E+00 1.35097E-01 6.19193E-03 1.37246E-04 5.61893E-07 1.50018E-10 0.00000E+00 0.00000E+00 0.00000E+00 0.00000E+00 0.00000E+00 0.00000E+00 0.00000E+00 0.00000E+00 0.00000E+00 0.00000E+00 0.00000E+00
0.00000E+00 0.00000E+00 0.00000E+00 0.00000E+00 0.00000E+00 0.00000E+00 0.00000E+00 0.00000E+00 0.00000E+00 1.08540E-09 2.51636E-08 3.41018E-07 3.73793E-06 3.54578E-05 2.99880E-04 2.29183E-03 1.60154E-02 1.02578E-01 6.01579E-01 3.21857E+00 1.56120E+01 6.80623E+01 2.63827E+02 8.98240E+02 2.65136E+03 6.69406E+03 1.42568E+04 2.52454E+04 3.66009E+04 4.27357E+04 3.94871E+04 2.83496E+04 1.55243E+04 6.36624E+03 1.92041E+03 4.18875E+02 6.49903E+01 7.06335E+00 5.30051E-01 2.69050E-02 7.95935E-04 6.85992E-06 6.02974E-09 0.00000E+00 0.00000E+00 0.00000E+00 0.00000E+00 0.00000E+00 0.00000E+00 0.00000E+00 0.00000E+00 0.00000E+00 0.00000E+00 0.00000E+00
0.00000E+00 0.00000E+00 0.00000E+00 0.00000E+00 0.00000E+00 0.00000E+00 0.00000E+00 0.00000E+00 0.00000E+00 0.00000E+00 1.42033E-09 2.76733E-08 3.73770E-07 4.15879E-06 4.02981E-05 3.47793E-04 2.73145E-03 1.96598E-02 1.30023E-01 7.88923E-01 4.36633E+00 2.18394E+01 9.75850E+01 3.84587E+02 1.31917E+03 3.88490E+03 9.68526E+03 2.01360E+04 3.43443E+04 4.72045E+04 5.12951E+04 4.32093E+04 2.76630E+04 1.32001E+04 4.60621E+03 1.15395E+03 2.03879E+02 2.49744E+01 2.08698E+00 1.17032E-01 4.15929E-03 6.29756E-05 1.55790E-07 9.98782E-12 0.00000E+00 0.00000E+00 0.00000E+00 0.00000E+00 0.00000E+00 0.00000E+00 0.00000E+00 0.00000E+00 0.00000E+00 0.00000E+00
0.00000E+00 0.00000E+00 0.00000E+00 0.00000E+00 0.00000E+00 0.00000E+00 0.00000E+00 0.00000E+00 0.00000E+00 0.00000E+00 0.00000E+00 1.29152E-09 2.64516E-08 3.74320E-07 4.33538E-06 4.32341E-05 3.86772E-04 3.15358E-03 2.36397E-02 1.63220E-01 1.03326E+00 5.94191E+00 3.06743E+01 1.40321E+02 5.61364E+02 1.93776E+03 5.69025E+03 1.39933E+04 2.83129E+04 4.62242E+04 5.96569E+04 5.96062E+04 4.51594E+04 2.54187E+04 1.04182E+04 3.04858E+03 6.24638E+02 8.79186E+01 8.34319E+00 5.24228E-01 2.12466E-02 4.66653E-04 2.67921E-06 7.61424E-10 0.00000E+00 0.00000E+00 0.00000E+00 0.00000E+00 0.00000E+00 0.00000E+00 0.00000E+00 0.00000E+00 0.00000E+00 0.00000E+00
0.00000E+00 0.00000E+00 0.00000E+00 0.00000E+00 0.00000E+00 0.00000E+00 0.00000E+00 0.00000E+00 0.00000E+00 0.00000E+00 0.00000E+00 0.00000E+00 1.13350E-09 2.44565E-08 3.61025E-07 4.29440E-06 4.46329E-05 4.17409E-04 3.57292E-03 2.81853E-02 2.04493E-01 1.35378E+00 8.08689E+00 4.30421E+01 2.01581E+02 8.20020E+02 2.85600E+03 8.37385E+03 2.02730E+04 3.96834E+04 6.14592E+04 7.36947E+04 6.69645E+04 4.51439E+04 2.21064E+04 7.69773E+03 1.86526E+03 3.07689E+02 3.38035E+01 2.42126E+00 1.10692E-01 3.03051E-03 3.22965E-05 3.19941E-08 0.00000E+00 0.00000E+00 0.00000E+00 0.00000E+00 0.00000E+00 0.00000E+00 0.00000E+00 0.00000E+00 0.00000E+00 0.00000E+00
0.00000E+00 0.00000E+00 0.00000E+00 0.00000E+00 0.00000E+00 0.00000E+00 0.00000E+00 0.00000E+00 0.00000E+00 0.00000E+00 0.00000E+00 0.00000E+00 0.00000E+00 8.83714E-10 2.07380E-08 3.18582E-07 4.02679E-06 4.44109E-05 4.40970E-04 4.00513E-03 3.34018E-02 2.54820E-01 1.76364E+00 1.09477E+01 6.02768E+01 2.90711E+02 1.20953E+03 4.26118E+03 1.24461E+04 2.94769E+04 5.53575E+04 8.06300E+04 8.91029E+04 7.30759E+04 4.34843E+04 1.83379E+04 5.34740E+03 1.05128E+03 1.35856E+02 1.12609E+01 5.85045E-01 1.84945E-02 2.93464E-04 8.16282E-07 1.71271E-11 0.00000E+00 0.00000E+00 0.00000E+00 0.00000E+00 0.00000E+00 0.00000E+00 0.00000E+00 0.00000E+00 0.00000E+00
